0.00 0.20 0.40 0.60 0.80 1.00 0.80 0.60 0.40 0.20 0.00
0.00 0.20 0.40 0.60 0.80 0.60 0.80 0.60 0.40 0.20 0.00
0.00 0.20 0.40 0.60 0.40 1.00 0.40 0.60 0.40 0.20 0.00
0.00 0.20 0.40 0.20 1.20 -0.20 1.20 0.20 0.40 0.20 0.00
0.00 0.20 -0.00 1.40 -1.20 2.60 -1.20 1.40 -0.00 0.20 0.00
0.00 -0.20 1.60 -2.60 5.20 -5.00 5.20 -2.60 1.60 -0.20 0.00
0.00 1.80 -4.40 9.40 -12.80 15.40 -12.80 9.40 -4.40 1.80 0.00
0.00 -6.20 15.60 -26.60 37.60 -41.00 37.60 -26.60 15.60 -6.20 0.00
0.00 21.80 -48.40 79.80 -105.20 116.20 -105.20 79.80 -48.40 21.80 0.00
0.00 -70.20 150.00 -233.40 301.20 -326.60 301.20 -233.40 150.00 -70.20 0.00
0.00 220.20 -453.60 684.60 -861.20 929.00 -861.20 684.60 -453.60 220.20 0.00
0.00 -673.80 1358.40 -1999.40 2474.80 -2651.40 2474.80 -1999.40 1358.40 -673.80 0.00
0.00 2032.20 -4031.60 5832.60 -7125.60 7601.00 -7125.60 5832.60 -4031.60 2032.20 0.00
0.00 -6063.80 11896.40 -16989.80 20559.20 -21852.20 20559.20 -16989.80 11896.40 -6063.80 0.00
0.00 17960.20 -34950.00 49445.40 -59401.20 62970.60 -59401.20 49445.40 -34950.00 17960.20 0.00
0.00 -52910.20 102355.60 -143796.60 171817.20 -181773.00 171817.20 -143796.60 102355.60 -52910.20 0.00
0.00 155265.80 -299062.40 417969.40 -497386.80 525407.40 -497386.80 417969.40 -299062.40 155265.80 0.00
0.00 -454328.20 872297.60 -1214418.60 1440763.60 -1520181.00 1440763.60 -1214418.60 872297.60 -454328.20 0.00
0.00 1326625.80 -2541044.40 3527479.80 -4175363.20 4401708.20 -4175363.20 3527479.80 -2541044.40 1326625.80 0.00
0.00 -3867670.20 7395150.00 -10243887.40 12104551.20 -12752434.60 12104551.20 -10243887.40 7395150.00 -3867670.20 0.00
0.00 11262820.20 -21506707.60 29743588.60 -35100873.20 36961537.00 -35100873.20 29743588.60 -21506707.60 11262820.20 0.00
0.00 -32769527.80 62513116.40 -86351169.40 101805998.80 -107163283.40 101805998.80 -86351169.40 62513116.40 -32769527.80 0.00
0.00 95282644.20 -181633813.60 250670284.60 -295320451.60 310775281.00 -295320451.60 250670284.60 -181633813.60 95282644.20 0.00
0.00 -276916457.80 527586742.40 -727624549.80 856766017.20 -901416184.20 856766017.20 -727624549.80 527586742.40 -276916457.80 0.00
0.00 804503200.20 -1532127750.00 2111977309.40 -2485806751.20 2614948218.60 -2485806751.20 2111977309.40 -1532127750.00 804503200.20 0.00
0.00 -2336630950.20 4448608259.60 -6129911810.60 7212732279.20 -7586561721.00 7212732279.20 -6129911810.60 4448608259.60 -2336630950.20 0.00
0.00 6785239209.80 -12915151020.40 17791252349.40 -20929205810.80 22012026279.40 -20929205810.80 17791252349.40 -12915151020.40 6785239209.80 0.00
0.00 -19700390230.20 37491642579.60 -51635609180.60 60732484439.60 -63870437901.00 60732484439.60 -51635609180.60 37491642579.60 -19700390230.20 0.00
0.00 57192032809.80 -108827641990.40 149859736199.80 -176238531521.20 185335406780.20 -176238531521.20 149859736199.80 -108827641990.40 57192032809.80 0.00
0.00 -166019674800.20 315879411000.00 -434925909711.40 511433674501.20 -537812469822.60 511433674501.20 -434925909711.40 315879411000.00 -166019674800.20 0.00
0.00 481899085800.20 -916824995511.59 1262238995212.59 -1484172054035.19 1560679818824.99 -1484172054035.19 1262238995212.59 -916824995511.59 481899085800.20 0.00
0.00 -1398724081311.79 2660963076524.38 -3663236044759.37 4307090868072.77 -4529023926895.37 4307090868072.77 -3663236044759.37 2660963076524.38 -1398724081311.79 0.00
0.00 4059687157836.17 -7722923202595.54 10631289989356.52 -12499350839727.50 13143205663040.89 -12499350839727.50 10631289989356.52 -7722923202595.54 4059687157836.17 0.00
0.00 -11782610360431.70 22413900349788.22 -30853564031679.55 36273846492124.90 -38141907342495.88 36273846492124.91 -30853564031679.55 22413900349788.22 -11782610360431.70 0.00
0.00 34196510710219.91 -65050074741899.45 89541310873592.64 -105269317866300.30 110689600326745.66 -105269317866300.31 89541310873592.64 -65050074741899.45 34196510710219.91 0.00
0.00 -99246585452119.33 188787896325711.94 -259860703481792.31 305500229066638.50 -321228236059346.19 305500229066638.50 -259860703481792.31 188787896325711.97 -99246585452119.34 0.00
0.00 288034481777831.19 -547895185259623.38 754148828874142.50 -886589168607776.75 932228694192623.00 -886589168607776.75 754148828874142.50 -547895185259623.44 288034481777831.25 0.00
0.00 -835929667037454.25 1590078495911596.50 -2188633182741542.00 2572966691674541.50 -2705407031408175.50 2572966691674541.50 -2188633182741541.75 1590078495911596.75 -835929667037454.50 0.00
0.00 2426008162949050.00 -4614641345690592.00 6351678370327678.00 -7467006905824257.00 7851340414757257.00 -7467006905824257.00 6351678370327678.00 -4614641345690591.00 2426008162949050.50 0.00
0.00 -7040649508639640.00 13392327878967316.00 -18433326621842520.00 21670025690909188.00 -22785354226405764.00 21670025690909184.00 -18433326621842520.00 13392327878967316.00 -7040649508639640.00 0.00
0.00 20432977387606952.00 -38866304009449464.00 53495680191719008.00 -62888706539157456.00 66125405608224112.00 -62888706539157456.00 53495680191719008.00 -38866304009449464.00 20432977387606952.00 0.00
0.00 -59299281397056400.00 112794961588775392.00 -155250690740325888.00 182509792339100544.00 -191902818686538944.00 182509792339100544.00 -155250690740325888.00 112794961588775392.00 -59299281397056400.00 0.00
0.00 172094242985831744.00 -327344933726157568.00 450555444668201728.00 -529663301765965184.00 556922403364739840.00 -529663301765965184.00 450555444668201664.00 -327344933726157568.00 172094242985831744.00 0.00
0.00 -499439176711989184.00 949994621380190720.00 -1307563680160324096.00 1537141149798906368.00 -1616249006896669696.00 1537141149798906112.00 -1307563680160324096.00 949994621380190720.00 -499439176711989184.00 0.00
0.00 1449433798092179456.00 -2756997478252503040.00 3794699451339420160.00 -4460953836855899136.00 4690531306494480384.00 -4460953836855898112.00 3794699451339419648.00 -2756997478252503552.00 1449433798092179456.00 0.00
0.00 -4206431276344681472.00 8001130727684100096.00 -11012650766447818752.00 12946184594689794048.00 -13612438980206272512.00 12946184594689794048.00 -11012650766447818752.00 8001130727684100096.00 -4206431276344681472.00 0.00
0.00 12207562004028776448.00 -23220212770476593152.00 31959966088821702656.00 -37571274341343879168.00 39504808169585852416.00 -37571274341343870976.00 31959966088821702656.00 -23220212770476593152.00 12207562004028776448.00 0.00
0.00 -35427774774505357312.00 67387740863327051776.00 -92751453200642146304.00 109036048599751393280.00 -114647356852273577984.00 109036048599751393280.00 -92751453200642146304.00 67387740863327051776.00 -35427774774505357312.00 0.00
0.00 102815515637832384512.00 -195566968838474498048.00 269175242663720517632.00 -316434858652667019264.00 332719454051776266240.00 -316434858652667019264.00 269175242663720517632.00 -195566968838474498048.00 102815515637832384512.00 0.00
0.00 -298382484476306784256.00 567557727140027236352.00 -781177070154861772800.00 918329555368163540992.00 -965589171357109977088.00 918329555368163409920.00 -781177070154861772800.00 567557727140027170816.00 -298382484476306784256.00 0.00
0.00 865940211616333692928.00 -1647117281771195465728.00 2267064352663051698176.00 -2665095796880134635520.00 2802248282093436010496.00 -2665095796880134635520.00 2267064352663051436032.00 -1647117281771195203584.00 865940211616333692928.00 0.00
0.00 -2513057493387528634368.00 4780121846050579283968.00 -6579277431314380226560.00 7734408431636620247040.00 -8132439875853703184384.00 7734408431636620247040.00 -6579277431314379177984.00 4780121846050578235392.00 -2513057493387528110080.00 0.00
0.00 7293179339438106345472.00 -13872456770752484474880.00 19093807709001575563264.00 -22446125738804698415104.00 23601256739126934241280.00 -22446125738804698415104.00 19093807709001571368960.00 -13872456770752480280576.00 7293179339438104248320.00 0.00
0.00 -21165636110190586626048.00 40259443819192153800704.00 -55412390218558743773184.00 65141190186933199831040.00 -68493508216736314294272.00 65141190186933191442432.00 -55412390218558735384576.00 40259443819192145412096.00 -21165636110190578237440.00 0.00
0.00 61425079929382723649536.00 -116837470147941442256896.00 160813024224684047073280.00 -189047088622228224344064.00 198775888590602630070272.00 -189047088622228190789632.00 160813024224684047073280.00 -116837470147941442256896.00 61425079929382706872320.00 0.00
0.00 -178262550077324107186176.00 339075574302008120705024.00 -466697582994853579456512.00 548636001437514767269888.00 -576870065835058877431808.00 548636001437514633052160.00 -466697582994853579456512.00 339075574302008120705024.00 -178262550077324073631744.00 0.00
0.00 517338124379332127227904.00 -984035707374185438248960.00 1354409158734376131887104.00 -1592203650267426687287296.00 1674142068710087740882944.00 -1592203650267426418851840.00 1354409158734376131887104.00 -984035707374185572466688.00 517338124379332060119040.00 0.00
0.00 -1501373831753517028605952.00 2855782990487892892057600.00 -3930648516375986915246080.00 4620754877711888949444608.00 -4858549369244939236409344.00 4620754877711888949444608.00 -3930648516375986915246080.00 2855782990487892892057600.00 -1501373831753517297041408.00 0.00
0.00 4357156822241409115357184.00 -8287805338617394956861440.00 11407186384575765535522816.00 -13409952763332810806132736.00 14100059124668712840331264.00 -13409952763332810806132736.00 11407186384575765535522816.00 -8287805338617394956861440.00 4357156822241409115357184.00 0.00
0.00 -12644962160858799777251328.00 24052148545434565312774144.00 -33104944486525960561098752.00 38917198272577282739535872.00 -40919964651334325862662144.00 38917198272577282739535872.00 -33104944486525960561098752.00 24052148545434561017806848.00 -12644962160858799777251328.00 0.00
0.00 36697110706293354352607232.00 -69802055192819306323771392.00 96074291304537791433539584.00 -112942107410437526213623808.00 118754361196488874161864704.00 -112942107410437543393492992.00 96074291304537774253670400.00 -69802055192819306323771392.00 36697110706293350057639936.00 0.00
0.00 -106499165899112626316640256.00 202573457203650400570310656.00 -278818453907794572431327232.00 327770759911464123089551360.00 -344638576017363857869635584.00 327770759911464123089551360.00 -278818453907794538071588864.00 202573457203650366210572288.00 -106499165899112626316640256.00 0.00
0.00 309072623102762940987604992.00 -587891077010557410339717120.00 809162671022908821213282304.00 -951227789836622347232083968.00 1000180095840291829170831360.00 -951227789836622347232083968.00 809162671022908821213282304.00 -587891077010557272900763648.00 309072623102762906627866624.00 0.00
0.00 -896963700113320042089676800.00 1706126371136228588425052160.00 -2348281537870087754151362560.00 2760570556699821898104569856.00 -2902635675513535424123371520.00 2760570556699822447860383744.00 -2348281537870087754151362560.00 1706126371136228588425052160.00 -896963700113319904650723328.00 0.00
0.00 2603090071249547805881008128.00 -4951371609119634735398649856.00 6814978465706135766779822080.00 -8011487770083442052722327552.00 8423776788913177021309255680.00 -8011487770083443152233955328.00 6814978465706136866291449856.00 -4951371609119634735398649856.00 2603090071249547805881008128.00 0.00
0.00 -7554461680369180342256402432.00 14369440146075316109036224512.00 -19777837844909205957831032832.00 23250243024702749343253266432.00 -24446752329080055629195771904.00 23250243024702753741299777536.00 -19777837844909205957831032832.00 14369440146075316109036224512.00 -7554461680369180342256402432.00 0.00
0.00 21923901826444489854222860288.00 -41701739671353687015960870912.00 57397521015687258215980990464.00 -67474833198691988940047515648.00 70947238378485536723516260352.00 -67474833198691988940047515648.00 57397521015687258215980990464.00 -41701739671353687015960870912.00 21923901826444489854222860288.00 0.00
0.00 -63625641497798159277997686784.00 121023162513485408697885655040.00 -166574093885732890191524265984.00 195819592592864722306893611008.00 -205896904775869426642681069568.00 195819592592864722306893611008.00 -166574093885732890191524265984.00 121023162513485408697885655040.00 -63625641497798159277997686784.00 0.00
0.00 184648804011283515199325208576.00 -351222897897016370206477385728.00 483416848992082880458815176704.00 -568290591254466933587982680064.00 597536089961598730518979936256.00 -568290591254466933587982680064.00 483416848992082880458815176704.00 -351222897897016370206477385728.00 184648804011283515199325208576.00 0.00
0.00 -535871701908299744668314238976.00 1019288550900382484389641060352.00 -1402930338143565691672065998848.00 1649243530208147840878336016384.00 -1734117272470531894007503519744.00 1649243530208147840878336016384.00 -1402930338143565691672065998848.00 1019288550900382484389641060352.00 -535871701908299744668314238976.00 0.00
0.00 1555160252808681806845490233344.00 -2958090590952246654092626100224.00 4071462419252094468827671166976.00 -4786291140822243737708045271040.00 5032604332886825886914315288576.00 -4786291140822243737708045271040.00 4071462419252094468827671166976.00 -2958090590952247217042579521536.00 1555160252808681806845490233344.00 0.00
0.00 -4513250843760927053563232780288.00 8584713263013020396490997104640.00 -11815844151026580357028715167744.00 13890357892961159589850404356096.00 -14605186614531308858730778460160.00 13890357892961159589850404356096.00 -11815844151026582608828528852992.00 8584713263013020396490997104640.00 -4513250843760928179463139622912.00 0.00
0.00 13097964106773944072354509357056.00 -24913808257800524429383224524800.00 34290915307000749084371048202240.00 -40311388658519039798410643243008.00 42385902400453619031232332431360.00 -40311388658519039798410643243008.00 34290915307000753587970675572736.00 -24913808257800524429383224524800.00 13097964106773944072354509357056.00 0.00
0.00 -38011772364574454990938851770368.00 72302687671575195068110645231616.00 -99516112223320286290567151747072.00 116988206365973380892416259653632.00 -123008679717491680613655109435392.00 116988206365973380892416259653632.00 -99516112223320286290567151747072.00 72302687671575204075309899972608.00 -38011772364574454990938851770368.00 0.00
0.00 110314460036149614030252478038016.00 -209830572259469846277624101339136.00 288807006260868763171902254481408.00 -339512998306785203681450444980224.00 356985092449438334312096571850752.00 -339512998306785203681450444980224.00 288807006260868835229496292409344.00 -209830572259469918335218139267072.00 110314460036149632044650987520000.00 0.00
0.00 -320145032295619370235884031967232.00 608952038556487989292598210592768.00 -838150576827123452843006611161088.00 985305097017092012935073119600640.00 -1036011089063008453444621310099456.00 985305097017092157050261195456512.00 -838150576827123741073382762872832.00 608952038556488133407786286448640.00 -320145032295619442293478069895168.00 0.00
0.00 929097070852107071298106090848256.00 -1767247647679230235910736550297600.00 2432407712400702590379549486219264.00 -2859466762907222766301196434014208.00 3006621283097191614623639094165504.00 -2859466762907223342761948737437696.00 2432407712400703166840301789642752.00 -1767247647679230812371488853721088.00 929097070852107359528482242560000.00 0.00
0.00 -2696344718531336730748090337722368.00 5128752430932037879975759065382912.00 -7059122122987152998518097105125376.00 8298495758405115530152504255840256.00 -8725554808911635994304527355346944.00 8298495758405115530152504255840256.00 -7059122122987155304361106318819328.00 5128752430932039609358015975653376.00 -2696344718531337307208842641145856.00 0.00
0.00 7825097149463372304880840189411328.00 -14884219272450521844634423473995776.00 20486370312324299491117332785266688.00 -24083172690303896452524596468383744.00 25322546325721861290002012832792576.00 -24083172690303901064210614895771648.00 20486370312324304102803351212654592.00 -14884219272450526456320441901383680.00 7825097149463374610723849403105280.00 0.00
0.00 -22709316421913888384907740629172224.00 43195686734238180958496045773357056.00 -59453762275078706259061306659176448.00 69892089328350045704428896017973248.00 -73488891706329635748307132060008448.00 69892089328350054927800932872749056.00 -59453762275078715482433343513952256.00 43195686734238190181868082628132864.00 -22709316421913897608279777483948032.00 0.00
0.00 65905003156152050896659712692977664.00 -125358765431230738708976945642602496.00 172541538337666859135009953612300288.00 -202834743309758313924821039898951680.00 213273070363029653370188629257748480.00 -202834743309758350818309187318054912.00 172541538337666896028498101031403520.00 -125358765431230757155721019352154112.00 65905003156152069343403786402529280.00 0.00
0.00 -191263768587382715818660363497373696.00 363805306925049501166694022271467520.00 -500735047078655764194855349477441536.00 588649352010454641962578885673484288.00 -618942556982546170539366266798342144.00 588649352010454715749555180511690752.00 -500735047078655911768807939153854464.00 363805306925049648740646611947880448.00 -191263768587382752712148510916476928.00 0.00
0.00 555069075512432069411401796092428288.00 -1055804122591087686032304555893456896.00 1453189706014159464602270488393154560.00 -1708326956071656060187966438081822720.00 1796241261003455085529642563954278400.00 -1708326956071656060187966438081822720.00 1453189706014159759750175667745980416.00 -1055804122591087981180209735246282752.00 555069075512432216985354385768841216.00 0.00
0.00 -1610873198103519165147895993280233472.00 3064062904117678629750166481673388032.00 -4217320784676902177804873354633543680.00 4957757923089268544284543234959474688.00 -5212895173146765435018144364000968704.00 4957757923089269724876163952370778112.00 -4217320784676902768100683713339195392.00 3064062904117679220045976840379039744.00 -1610873198103519755443706351985885184.00 0.00
0.00 4674936102221196319158536578189492224.00 -8892256886898097316371789215411732480.00 12239141611883845810064720919032496128.00 -14387973880912931434741078083948773376.00 15128411019325298981812368681686007808.00 -14387973880912933795924319518771380224.00 12239141611883848171247962353855102976.00 -8892256886898098496963409932823035904.00 4674936102221197499750157295600795648.00 0.00
0.00 -13567192989119288913163842923956011008.00 25806334601003132362045322408165900288.00 -35519372379694863935853001761691271168.00 41755526512122064420701960510554243072.00 -43904358781151150045378317675470520320.00 41755526512122069143068443380199456768.00 -35519372379694873380585967500981698560.00 25806334601003137084411805277811113984.00 -13567192989119291274347084358778617856.00 0.00
0.00 39373527590122411830476199592831483904.00 -74892899969817271043962718484877541376.00 103081233492820032384401387462540132352.00 -121179257672968031178268451251263897600.00 127415411805395241107850375739417296896.00 -121179257672968068957200314208425607168.00 103081233492820051273867318941120987136.00 -74892899969817280488695684224167968768.00 39373527590122416552842682462476697600.00 0.00
0.00 -114266427559939635650774089381256888320.00 217347661052759649145709545365216165888.00 -299153391135605259048768831284358152192.00 351675902971183266891588351496059617280.00 -369773927151331246795989483806202527744.00 351675902971183266891588351496059617280.00 -299153391135605334606632557198681571328.00 217347661052759686924641408322377875456.00 -114266427559939654540240020859837743104.00 0.00
0.00 331614088612699171459688045874987925504.00 -630767479748304354950593151245022658560.00 868176955159547872854611824488340258816.00 -1020603221258119470504891762929326620672.00 1073125733093697402789847557226704666624.00 -1020603221258119470504891762929326620672.00 868176955159548023970339276316987097088.00 -630767479748304506066320603073669496832.00 331614088612699247017551771789311344640.00 0.00
0.00 -962381568361003224178826293462716907520.00 1830558523520550643686255762465116651520.00 -2519547656165970942731459479519455346688.00 2961905909511363839454986433672490516480.00 -3114332175609935739336721275770770554880.00 2961905909511364443917896240987077869568.00 -2519547656165971547194369286834042699776.00 1830558523520551248149165569779704004608.00 -962381568361003375294553745291363745792.00 0.00
0.00 2792940091881553112286444796784599367680.00 -5312487748047522846092084661674880008192.00 7312012089197883612483972253713300455424.00 -8595785741287268708134437767018954358784.00 9038143994632662209320874528486576881664.00 -8595785741287269917060257381648129064960.00 7312012089197884821409791868342475161600.00 -5312487748047524659480814083618642067456.00 2792940091881553716749354604099186720768.00 0.00
0.00 -8105427839929073540526890229201129963520.00 15417439929126954735159223253656081006592.00 -21220285578532668517618486801946673938432.00 24945941825117806067458547246814608752640.00 -26229715477207192372034832374749437362176.00 24945941825117810903161825705331307577344.00 -21220285578532673353321765260463372763136.00 15417439929126957153010862482914430418944.00 -8105427839929075958378529458459479375872.00 0.00
0.00 23522867769056022231057015409711337439232.00 -44743153347588690748675502211658011377664.00 61583667332777417230978061156125616635904.00 -72395942880857647614298752589443924754432.00 76121599127442789999842091492828558393344.00 -72395942880857657285705309506477322403840.00 61583667332777426902384618073159014285312.00 -44743153347588690748675502211658011377664.00 23522867769056027066760293868228036263936.00 0.00
0.00 -68266021116644693636919403787302553518080.00 129849688449422091525084351109361374855168.00 -178722763561223687894106417537993769222144.00 210101209341077767802459892985097520939008.00 -220913484889158027200000255169516022005760.00 210101209341077806488086120653231111536640.00 -178722763561223726579732645206127359819776.00 129849688449422110867897464943428170153984.00 -68266021116644693636919403787302553518080.00 0.00
0.00 198115709566066727133564413394463542476800.00 -376838473127290376342044603264323721101312.00 518673661351723392479145750959918302625792.00 -609737457791459289468435427351939359178752.00 641115903571313408062415130467176701493248.00 -609737457791459444210940338024473721569280.00 518673661351723547221650661632452665016320.00 -376838473127290376342044603264323721101312.00 198115709566066765819190641062597133074432.00 0.00
0.00 -574954182693356948733104105986252901187584.00 1093627844045080109098492490937369660227584.00 -1505249592270472594062111049558578295734272.00 1769527022714495548411229121425164094930944.00 -1860590819154231445400518797817185151483904.00 1769527022714495857896238942770232819712000.00 -1505249592270472903547120870903647020515328.00 1093627844045080418583502312282438385008640.00 -574954182693357026104356561322520082382848.00 0.00
0.00 1668582026738436516232829409569752293048320.00 -3173831619008909110294940459128330588782592.00 4368404459030047013631793376540837151768576.00 -5135367434139197730963800040730515193462784.00 5399644864583220994797927933942169717440512.00 -5135367434139198349933819683420652643024896.00 4368404459030048251571832661921112050892800.00 -3173831619008909110294940459128330588782592.00 1668582026738436825717839230914821017829376.00 0.00
0.00 -4842413645747344388587730583317807982706688.00 9210818104777390164279484674478370235351040.00 -12677603512178149522100396377568720787079168.00 14903416757752458930723305281622010117488640.00 -15670379732861610267025331588501825608744960.00 14903416757752463882483462423143109713985536.00 -12677603512178151997980474948329270585327616.00 9210818104777391402219523959858645134475264.00 -4842413645747344388587730583317807982706688.00 0.00
0.00 14053231750524730839047097401655353520685056.00 -26730835262702872933507258066942424913018880.00 36791838374707989951522911336007176846049280.00 -43251400002792208816328718964650357320318976.00 45477213248366523176711785010224746247225344.00 -43251400002792213768088876106171456916815872.00 36791838374707999855043225619049376039043072.00 -26730835262702877885267415208463524509515776.00 14053231750524730839047097401655353520685056.00 0.00
0.00 -40784067013227591393153962614795029442461696.00 77575905387935571441156559667760007095517184.00 -106774073640203041990797945518473361500405760.00 125520451625866672426961843895671284448624640.00 -131980013253950901195287965807356664115888128.00 125520451625866712041043101027840081220599808.00 -106774073640203061797838574084557759886393344.00 77575905387935581344676873950802206288510976.00 -40784067013227596344914119756316129038958592.00 0.00
0.00 118359972401163123220229265150386239766003712.00 -225134046041366165211027210668859601266409472.00 309870430654005206630753834817567059500597248.00 -364274538520020476963763355258910521363005440.00 383020916505684206435130396466530436241162240.00 -364274538520020556191925869523248114906955776.00 309870430654005246244835091949735856272572416.00 -225134046041366165211027210668859601266409472.00 118359972401163143027269893716470638151991296.00 0.00
