0.00 10.00 10.00 10.00 10.00 10.00 10.00 10.00 10.00 10.00 10.00 10.00 10.00 10.00 10.00 10.00 10.00 10.00 10.00 10.00 10.00 10.00 10.00 10.00 0.00
0.00 4.64 8.56 9.62 9.90 9.97 9.99 10.00 10.00 10.00 10.00 10.00 10.00 10.00 10.00 10.00 10.00 10.00 9.99 9.97 9.90 9.62 8.56 4.64 0.00
0.00 3.81 6.68 8.67 9.52 9.84 9.95 9.98 10.00 10.00 10.00 10.00 10.00 10.00 10.00 10.00 10.00 9.98 9.95 9.84 9.52 8.67 6.68 3.81 0.00
7.62 2.76 6.79 7.36 8.82 9.56 9.85 9.95 9.98 10.00 10.00 10.00 10.00 10.00 10.00 10.00 9.98 9.95 9.85 9.56 8.82 7.36 6.79 2.76 7.62
-4.64 21.59 -0.22 10.43 8.09 8.95 9.57 9.85 9.95 9.98 9.99 10.00 10.00 10.00 9.99 9.98 9.95 9.85 9.57 8.95 8.09 10.43 -0.22 21.59 -2.10
49.37 -93.33 71.70 -18.60 15.20 9.10 9.14 9.61 9.85 9.95 9.98 9.99 10.00 9.99 9.98 9.95 9.85 9.61 9.14 9.10 15.20 -18.60 71.70 -88.24 45.28
-252.48 637.03 -510.86 258.63 -71.72 21.25 10.41 9.41 9.65 9.86 9.95 9.98 9.99 9.98 9.95 9.86 9.65 9.41 10.41 21.25 -71.72 258.63 -500.69 608.52 -221.77
1610.71 -4168.13 3906.46 -2218.29 861.84 -198.52 28.83 12.09 9.77 9.72 9.87 9.94 9.96 9.94 9.87 9.72 9.77 12.09 28.83 -198.52 861.84 -2197.96 3808.78 -3967.26 1438.81
-10483.87 28343.89 -28909.53 18668.39 -8352.71 2596.66 -477.77 38.26 14.21 10.23 9.81 9.87 9.90 9.87 9.81 10.23 14.21 38.26 -477.77 2596.66 -8312.05 18391.71 -28066.24 26972.75 -9373.34
70666.28 -196330.51 213569.14 -151416.33 76802.81 -28246.15 7209.76 -1068.06 49.88 16.87 10.80 9.90 9.82 9.90 10.80 16.87 49.88 -1068.06 7209.76 -28164.83 76086.80 -148521.38 206802.66 -186737.42 63318.84
-486882.73 1382136.79 -1578679.77 1205077.59 -674888.89 283606.39 -87945.22 18829.76 -2287.69 64.12 20.14 11.51 10.22 11.51 20.14 64.12 -2287.69 18829.76 -87782.57 281849.10 -666031.66 1178256.13 -1525794.48 1314165.43 -436793.67
