0.00 0.87 0.87 0.00
0.00 0.65 0.65 0.00
0.00 0.49 0.49 0.00
0.00 0.37 0.37 0.00
0.00 0.27 0.27 0.00
0.00 0.21 0.21 0.00
0.00 0.15 0.15 0.00
0.00 0.12 0.12 0.00
0.00 0.09 0.09 0.00
0.00 0.07 0.07 0.00
0.00 0.05 0.05 0.00
0.00 0.04 0.04 0.00
0.00 0.03 0.03 0.00
0.00 0.02 0.02 0.00
0.00 0.02 0.02 0.00
0.00 0.01 0.01 0.00
0.00 0.01 0.01 0.00
0.00 0.01 0.01 0.00
0.00 0.00 0.00 0.00
0.00 0.00 0.00 0.00
0.00 0.00 0.00 0.00
0.00 0.00 0.00 0.00
0.00 0.00 0.00 0.00
0.00 0.00 0.00 0.00
0.00 0.00 0.00 0.00
0.00 0.00 0.00 0.00
0.00 0.00 0.00 0.00
0.00 0.00 0.00 0.00
0.00 0.00 0.00 0.00
0.00 0.00 0.00 0.00
0.00 0.00 0.00 0.00
0.00 0.00 0.00 0.00
0.00 0.00 0.00 0.00
0.00 0.00 0.00 0.00
0.00 0.00 0.00 0.00
0.00 0.00 0.00 0.00
0.00 0.00 0.00 0.00
